100 200
2 285
1 150
2 46
0 279
0 403
0 445
1 279
2 403
0 201
2 279
0 199
1 199
0 99
1 199
1 199
0 188
0 484
0 299
0 272
0 136
0 191
0 229
2 201
1 484
2 229
0 251
0 178
0 142
0 248
0 325
0 36
2 142
0 160
0 258
0 132
2 258
0 448
0 439
1 251
1 251
2 160
0 96
1 96
0 392
0 399
2 272
0 212
1 484
0 234
0 37
0 495
0 362
0 344
0 127
0 79
0 246
1 99
0 310
0 157
2 299
2 191
0 356
1 399
2 99
0 427
2 178
0 160
1 157
0 347
1 96
0 9
0 204
0 462
0 170
1 445
0 177
0 99
0 372
2 427
2 9
1 251
1 96
0 319
0 109
0 294
2 448
0 2
2 170
2 136
0 266
0 228
0 168
0 25
0 309
1 356
1 399
0 238
2 37
1 36
0 211
1 266
2 319
0 156
1 372
0 167
0 37
0 286
2 127
2 188
1 439
0 300
2 109
0 423
0 241
0 15
2 310
0 319
0 68
0 335
2 79
2 300
0 141
0 277
0 482
0 29
1 294
0 125
0 263
0 288
0 92
0 416
2 482
0 253
2 29
0 54
0 147
0 127
0 225
0 169
0 18
0 433
1 484
2 399
0 56
2 238
1 199
2 228
0 450
0 49
0 490
2 157
2 18
0 208
2 167
2 433
0 30
0 219
0 33
2 147
0 267
0 86
1 92
0 166
0 66
0 58
0 301
1 495
0 100
0 43
0 363
1 68
0 137
1 127
2 362
1 490
0 197
1 439
1 263
1 58
0 97
1 392
0 303
0 316
2 68
2 325
2 56
0 417
0 145
1 54
0 427
0 89
0 81
0 279
2 253
2 445
2 495
2 100
1 2
2 234
1 37